map=[0.72,1.00,0.02;
0.80,1.00,0.06
    0.82,1.00,0.10
    0.85,1.00,0.15
    0.88,1.00,0.20;
    0.88,1.00,0.20;
    0.88,1.00,0.20;
    0.88,1.00,0.20;
    0.88,1.00,0.20;
    %green
     0.71,1.00,0.15;
    0.71,1.00,0.15;
     0.71,1.00,0.15;
     
     %black
     0.0,0.0,0.0;
     
     %dark brown
    0.4,0.35,0.25;
    0.4,0.35,0.25;
    0.4,0.35,0.25;
    0.4,0.35,0.25;
   0.4,0.35,0.25;
      0.4,0.35,0.25;
         0.4,0.35,0.25;
    0.5,0.38,0.22;
     0.5,0.38,0.22;
    %lightbrown
    1,0.66,0.22;
    0.8,0.66,0.22;
    
    %green
    0.58,0.8,0.27;
    0.58,0.8,0.27;
    0.58,0.8,0.27;
    0.58,0.8,0.27;
    0.58,0.8,0.27
    ];